21 35 35
1	1	1	1	1	1	1	1	1	1	1	1	1	1	1	1	1	1	1	1	1	1	1	1	1	1	1	1	1	1	1	3	1	1	1
1	0	0	0	0	0	0	0	0	0	0	0	0	0	0	0	0	0	0	0	0	0	0	0	0	0	0	0	0	0	0	0	0	0	1
1	0	0	0	0	0	0	0	0	0	0	0	0	0	0	0	0	0	0	0	0	0	0	0	0	0	0	0	0	0	0	0	0	0	1
1	0	0	0	0	0	0	0	0	0	0	0	0	0	0	0	0	0	0	0	0	0	0	0	0	0	0	0	0	0	0	0	0	0	1
1	0	0	0	0	0	0	0	0	0	0	0	0	0	0	0	0	0	0	0	0	0	0	0	0	0	0	0	0	0	0	0	0	0	1
1	0	0	0	0	0	0	0	0	0	0	0	0	0	0	0	0	0	0	0	0	0	0	0	0	0	0	0	0	0	0	0	0	0	1
1	0	0	0	0	0	0	0	0	0	0	0	0	0	0	0	0	0	0	0	0	0	0	0	0	0	0	0	0	0	0	0	0	0	1
1	0	0	0	0	0	0	0	0	-1 0,39	-1 0,39	-1 0,39	-1 0,39	-1 0,39	-1 0,39	-1 0,39	-1 0,39	-1 0,39	-1 0,39	-1 0,39	-1 0,39	-1 0,39	-1 0,39	0	0	0	0	0	0	0	0	0	0	0	1
1	0	0	0	0	0	0	0	0	-1 0,59	-1 0,59	-1 0,59	-1 0,59	-1 0,59	-1 0,59	-1 0,59	-1 0,59	-1 0,59	-1 0,59	-1 0,59	-1 0,59	-1 0,59	-1 0,59	-1 0,59	0	0	0	0	0	0	0	0	0	0	1
1	0	0	0	0	0	0	0	-1 0,79	-1 0,79	-1 0,79	-1 0,79	-1 0,79	-1 0,79	-1 0,79	-1 0,79	-1 0,79	-1 0,79	-1 0,79	-1 0,79	-1 0,79	-1 0,79	-1 0,79	-1 0,79	-1 0,59	-1 0,39	-1 0,19	-1 0,99	0	0	0	0	0	0	1
1	0	0	0	0	-1 0,19	-1 0,39	-1 0,59	-1 0,79	-1 0,99	-1 0,99	-1 0,99	-1 0,99	-1 0,99	-1 0,99	-1 0,99	-1 0,99	-1 0,99	-1 0,99	-1 0,99	-1 0,99	-1 0,99	-1 0,99	-1 0,79	-1 0,59	-1 0,39	-1 0,19	-1 0,99	0	0	0	0	0	0	1
1	0	0	0	0	-1 0,19	-1 0,39	-1 0,59	-1 0,79	-1 0,79	-1 0,79	-1 0,79	-1 0,79	-1 0,79	-1 0,79	-1 0,79	-1 0,79	-1 0,79	-1 0,79	-1 0,79	-1 0,79	-1 0,79	-1 0,79	-1 0,79	-1 0,59	-1 0,39	-1 0,19	-1 0,99	0	0	0	0	0	0	1
1	0	0	0	0	-1 0,19	-1 0,39	-1 0,59	-1 0,59	-1 0,59	-1 0,59	-1 0,59	-1 0,59	-1 0,59	-1 0,59	-1 0,59	-1 0,59	-1 0,59	-1 0,59	-1 0,59	-1 0,59	-1 0,59	-1 0,59	-1 0,59	-1 0,59	-1 0,39	-1 0,19	-1 0,99	0	0	0	0	0	0	1
1	0	0	0	0	-1 0,19	-1 0,39	-1 0,39	-1 0,39	-1 0,39	-1 0,39	-1 0,39	-1 0,39	-1 0,39	-1 0,39	-1 0,39	-1 0,39	-1 0,39	-1 0,39	-1 0,39	-1 0,39	-1 0,39	-1 0,39	-1 0,39	-1 0,39	-1 0,39	-1 0,19	-1 0,99	0	0	0	0	0	0	1
1	0	0	0	0	0	0	0	-1 0,19	-1 0,19	-1 0,19	-1 0,19	-1 0,19	-1 0,19	-1 0,19	-1 0,19	-1 0,19	-1 0,19	-1 0,19	-1 0,19	-1 0,19	-1 0,19	-1 0,19	-1 0,19	0	0	0	0	0	0	0	0	0	0	1
1	0	0	0	0	0	0	0	0	-1 0,99	-1 0,99	-1 0,99	-1 0,99	-1 0,99	-1 0,99	-1 0,99	-1 0,99	-1 0,99	-1 0,99	-1 0,99	-1 0,99	-1 0,99	-1 0,99	0	0	0	0	0	0	0	0	0	0	0	1
1	0	0	0	0	0	0	0	0	0	0	0	0	0	0	0	0	0	0	0	0	0	0	0	0	0	0	0	0	0	0	0	0	0	1
1	0	0	0	0	0	0	0	0	0	0	0	0	0	0	0	0	0	0	0	0	0	0	0	0	0	0	0	0	0	0	0	0	0	1
1	0	0	0	0	0	0	0	0	0	0	0	0	0	0	0	0	0	0	0	0	0	0	0	0	0	0	0	0	0	0	0	0	0	1
1	0	0	0	0	0	0	0	0	0	0	0	0	0	0	0	0	0	0	0	0	0	0	0	0	0	0	0	0	0	0	0	0	0	1
1	1	1	4	1	1	1	1	1	1	1	1	1	1	1	1	1	1	1	1	1	1	1	1	1	1	1	1	1	1	1	1	1	1	1
