21 35 28
1	1	1	1	1	1	1	1	1	1	1	1	1	1	1	1	1	3	1	1	1	1	1	1	1	1	1	1	1	1	1	1	1	1	1
1	0	0	0	0	0	0	0	0	0	0	0	1	0	0	0	0	0	0	-1 0,2	-1 0,26	-1 0,338	-1 0,4394	-1 0,57122	-1 0,742586	-1 0,9653618	-1 0,99	-1 0,99	-1 0,99	-1 0,891	-1 0,8019	-1 0,72171	-1 0,649539	-1 0,5845851	1
1	0	0	0	0	0	0	0	0	0	0	0	1	0	0	0	0	0	0	-1 0,2	-1 0,26	-1 0,338	-1 0,4394	-1 0,57122	-1 0,742586	-1 0,9653618	-1 0,99	-1 0,99	-1 0,99	-1 0,891	-1 0,8019	-1 0,72171	-1 0,649539	-1 0,5845851	1
1	1	1	1	1	1	1	0	0	1	1	1	1	0	0	0	0	0	0	-1 0,2	-1 0,26	-1 0,338	-1 0,4394	-1 0,57122	-1 0,742586	1	1	1	1	-1 0,8019	-1 0,72171	1	-1 0,5845851	-1 0,52612659	1
1	-1 0,1	-1 0,1	1	-1 0,05	-1 0,025	-1 0,0125	0	0	0	0	0	0	0	0	0	0	0	0	-1 0,2	-1 0,26	-1 0,338	-1 0,4394	-1 0,57122	-1 0,742586	-1 0,6683274	-1 0,60149466	-1 0,541345194	1	-1 0,72171	-1 0,649539	1	-1 0,52612659	-1 0,473513931	1
1	-1 0,2	-1 0,2	1	-1 0,1	-1 0,05	-1 0,025	0	0	0	0	0	0	0	0	0	0	0	0	-1 0,2	-1 0,26	-1 0,338	-1 0,4394	-1 0,57122	-1 0,742586	-1 0,6683274	-1 0,60149466	-1 0,541345194	1	-1 0,649539	-1 0,5845851	1	-1 0,473513931	2	1
1	-1 0,4	-1 0,4	1	-1 0,2	-1 0,1	1	0	0	1	1	1	1	1	1	1	1	1	1	1	1	1	1	1	1	1	-1 0,541345194	-1 0,487210675	1	1	1	1	1	1	1
1	-1 0,8	-1 0,8	-1 0,8	-1 0,4	-1 0,2	1	0	0	0	0	0	1	-1 0,486	-1 0,567	-1 0,648	-1 0,729	-1 0,8019	-1 0,729	-1 0,648	-1 0,567	-1 0,486	-1 0,7	-1 0,6	-1 0,5	-1 0,4	-1 0,487210675	-1 0,438489607	1	-1 0,3	-1 0,27	-1 0,243	-1 0,2187	-1 0,19683	1
1	-1 0,8	2	-1 0,8	-1 0,4	-1 0,2	1	0	0	0	0	0	1	-1 0,54	-1 0,63	-1 0,72	-1 0,81	-1 0,891	-1 0,81	-1 0,72	-1 0,63	-1 0,54	-1 0,63	-1 0,54	-1 0,45	-1 0,36	-1 0,438489607	-1 0,394640646	1	-1 0,18	-1 0,162	-1 0,1458	-1 0,13122	-1 0,118098	1
1	-1 0,8	-1 0,8	-1 0,8	-1 0,4	-1 0,2	1	0	0	0	0	0	1	-1 0,6	-1 0,7	-1 0,8	-1 0,9	-1 0,99	-1 0,9	-1 0,8	-1 0,7	-1 0,6	-1 0,567	-1 0,486	-1 0,405	-1 0,324	-1 0,394640646	-1 0,355176582	1	-1 0,108	-1 0,0972	-1 0,08748	-1 0,078732	-1 0,0708588	1
1	1	1	1	1	1	1	1	1	1	0	0	1	1	1	1	-1 0,72	-1 0,792	-1 0,72	1	1	1	1	1	1	1	-1 0,295980485	-1 0,266382436	1	-1 0,0648	-1 0,05832	1	1	1	1
1	0	0	0	0	0	0	0	0	0	0	0	0	0	0	1	-1 0,576	-1 0,6336	-1 0,576	1	-1 0,4	-1 0,2	1	0	0	1	-1 0,221985364	-1 0,199786827	1	-1 0,03888	-1 0,034992	1	0	0	1
1	0	0	-1 0,05	-1 0,1	-1 0,2	-1 0,4	-1 0,4	-1 0,4	-1 0,2	-1 0,1	-1 0,05	0	0	0	1	-1 0,4608	-1 0,50688	-1 0,4608	1	-1 0,3	-1 0,14	1	0	0	1	-1 0,166489023	-1 0,14984012	1	-1 0,023328	-1 0,0209952	1	0	0	1
1	0	0	-1 0,1	-1 0,2	-1 0,4	-1 0,8	-1 0,8	-1 0,8	-1 0,4	-1 0,2	-1 0,1	-1 0,05	0	0	1	-1 0,36864	-1 0,405504	-1 0,36864	1	-1 0,21	-1 0,098	1	0	0	1	-1 0,124866767	-1 0,11238009	1	0	0	1	0	0	1
1	0	0	1	1	1	1	1	1	1	1	1	1	1	1	1	-1 0,294912	-1 0,3244032	-1 0,294912	1	-1 0,147	-1 0,0686	1	0	0	1	-1 0,093650075	-1 0,084285068	1	0	0	1	0	0	1
1	0	0	1	-1 0,08	-1 0,16	-1 0,32	-1 0,32	-1 0,32	-1 0,16	-1 0,08	-1 0,04	0	0	0	0	0	-1 0,25952256	-1 0,2359296	1	-1 0,1029	-1 0,04802	0	0	0	1	-1 0,070237556	-1 0,063213801	0	0	0	0	0	0	1
1	0	0	1	0	0	0	0	0	0	0	0	0	0	0	0	0	0	-1 0,18874368	1	-1 0,07203	-1 0,033614	0	0	0	1	-1 0,052678167	-1 0,047410351	0	0	0	0	0	0	1
1	0	0	1	0	0	1	1	1	1	1	1	1	0	0	1	1	1	1	1	1	1	1	0	0	1	-1 0,039508626	-1 0,035557763	1	1	1	1	0	0	1
1	0	0	0	0	0	0	0	0	1	0	0	0	0	0	0	0	0	0	0	0	1	1	0	0	0	-1 0,029631469	0	0	0	0	1	0	0	1
1	0	0	0	0	0	0	0	0	1	0	0	0	0	0	0	0	0	0	0	0	0	1	0	0	0	0	0	0	0	0	1	0	0	1
1	1	1	1	1	1	1	1	1	1	1	1	1	1	1	1	1	4	1	1	1	1	1	1	1	1	1	1	1	1	1	1	1	1	1

